20180224851 0
20180075091 0
20180163859 0
20180402733 0
20180309416 0
20180205873 0
20180129712 0
20180263247 0
20180253795 0
20180096808 0
20180748712 0
20180168890 0
20180567170 0
20180589337 0
20180236328 0
20180249603 0
20180458459 0
20180141281 0
20180738586 0
20180395502 0
20180661027 0
20180199350 0
20180169386 0
20180585639 0
20180733774 0
20180653656 0
20180406586 0
20180028695 0
20180072607 0
20180184457 0
20180052723 0
20180273740 0
20180395503 0
20180464015 0
20180372365 0
20180396359 0
20180405933 0
20180388631 0
20180118523 0
20180251766 0
20180407294 0
20180577187 0
20180666605 0
20180718174 0
20180637611 0
20180358761 0
20180023764 0
20180719496 0
20180581371 0
20180256263 0
20180139566 0
20180524750 0
20180304441 0
20180430238 0
20180645500 0
20180071381 0
20180229445 0
20180307528 0
20180678296 0
20180470686 0
20180571193 0
20180249279 0
20180559619 0
20180695041 0
20180492863 0
20180318881 0
20180614832 0
20180224988 0
20180376842 0
20180647799 0
20180632965 0
20180025244 0
20180360012 0
20180282949 0
20180743132 0
20180341237 0
20180527805 0
20180457866 0
20180194181 0
20180358775 0
20180586659 0
20180176417 0
20180400808 0
20180497436 0
20180156117 0
20180223837 0
20180097220 0
20180470857 0
20180211122 0
20180252578 0
20180070225 0
20180499521 0
20180073988 0
20180148131 0
20180003460 0
20180326807 0
20180732478 0
20180660000 0
20180673576 0
20180619540 0
20180466537 0
20180547160 0
20180082664 0
20180589627 0
20180234746 0
20180176547 0
20180150929 0
20180093190 0
20180709060 0
20180321325 0
20180222903 0
20180595493 0
20180635467 0
20180133580 0
20180755774 0
20180314300 0
20180686182 0
20180484970 0
20180033129 0
20180385227 0
20180681083 0
20180275099 0
20180746378 0
20180186129 0
20180055256 0
20180618804 0
20180138004 0
20180546419 0
20180267990 0
20180346826 0
20180301160 0
20180131517 0
20180251819 0
20180314628 0
20180047726 0
20180155724 0
20180411902 0
20180435796 0
20180467989 0
20180027223 0
20180074853 0
20180689556 0
20180528362 0
20180709190 0
20180737937 0
20180384678 0
20180253439 0
20180594352 0
20180127181 0
20180136286 0
20180160730 0
20180738646 0
20180085786 0
20180264431 0
20180316872 0
20180440594 0
20180603505 0
20180078295 0
20180072363 0
20180744612 0
20180730629 0
20180570353 0
20180558887 0
20180495553 0
20180447779 0
20180557704 0
20180001229 0
20180521351 0
20180454864 0
20180689393 0
20180650402 0
20180723851 0
20180278904 0
20180093460 0
20180243457 0
20180304389 0
20180022242 0
20180305152 0
20180621353 0
20180506939 0
20180149595 0
20180602172 0
20180350747 0
20180215243 0
20180703831 0
20180209946 0
20180307923 0
20180350210 0
20180424565 0
20180750584 0
20180552244 0
20180039025 0
20180738965 0
20180200354 0
20180101466 0
20180551130 0
20180479999 0
20180575688 0
20180729033 0
20180399248 0
20180192757 0
20180561335 0
20180056934 0
20180496472 0
20180704673 0
20180209258 0
20180636503 0
20180136844 0
20180679167 0
20180151043 0
20180455209 0
20180401666 0
20180751539 0
20180319096 0
20180209692 0
20180039024 0
20180549531 0
20180567290 0
20180465664 0
20180332959 0
20180457881 0
20180636877 0
20180423237 0
20180710597 0
20180734799 0
20180362310 0
20180366781 0
20180169808 0
20180684443 0
20180098958 0
20180175669 0
20180369121 0
20180501649 0
20180529610 0
20180580502 0
20180289206 0
20180468831 0
20180432884 0
20180727895 0
20180170571 0
20180031955 0
20180388708 0
20180460348 0
20180487343 0
20180325797 0
20180056251 0
20180680920 0
20180522196 0
20180284754 0
20180590929 0
20180227464 0
20180512017 0
20180333922 0
20180669830 0
20180094176 0
20180064113 0
20180448808 0
20180107855 0
20180533515 0
20180038308 0
20180354925 0
20180370907 0
20180544447 0
20180633264 0
20180663788 0
20180064058 0
20180263156 0
20180101665 0
20180542214 0
20180050962 0
20180631387 0
20180196924 0
20180351926 0
20180449508 0
20180269338 0
20180747439 0
20180075859 0
20180032120 0
20180359071 0
20180162854 0
20180244175 0
20180328859 0
20180412239 0
20180148947 0
20180300810 0
20180174747 0
20180479834 0
20180757723 0
20180593485 0
20180550410 0
20180169494 0
20180558783 0
20180444700 0
20180390946 0
20180176354 0
20180209461 0
20180608152 0
20180255561 0
20180690950 0
20180522047 0
20180436637 0
20180714318 0
20180372664 0
20180148266 0
20180049383 0
20180593681 0
20180713407 0
20180085051 0
20180531623 0
20180548081 0
20180602576 0
20180304798 0
20180293873 0
20180658001 0
20180726296 0
20180147738 0
20180531134 0
20180656051 0
20180020949 0
20180628785 0
20180405124 0
20180365145 0
20180260741 0
20180321881 0
20180568298 0
20180490452 0
20180138067 0
20180290135 0
20180001718 0
20180658437 0
20180546284 0
20180079987 0
20180601076 0
20180476059 0
20180692258 0
20180679936 0
20180654407 0
20180531886 0
20180404088 0
20180354807 0
20180589286 0
20180736758 0
20180247259 0
20180672785 0
20180639955 0
20180498702 0
20180003575 0
20180740386 0
20180456636 0
20180534263 0
20180503798 0
20180736605 0
20180069427 0
20180247517 0
20180045225 0
20180100586 0
20180199552 0
20180664815 0
20180142831 0
20180123387 0
20180168652 0
20180205169 0
20180602454 0
20180695022 0
20180732208 0
20180585097 0
20180004873 0
20180207665 0
20180660194 0
20180652917 0
20180121301 0
20180491361 0
20180313680 0
20180590194 0
20180245247 0
20180018938 0
20180602288 0
20180521309 0
20180048229 0
20180526335 0
20180690449 0
20180304773 0
20180533618 0
20180444548 0
20180552551 0
20180362202 0
20180104928 0
20180500375 0
20180557741 0
20180604953 0
20180598786 0
20180171006 0
20180430947 0
20180001316 0
20180323712 0
20180352398 0
20180290808 0
20180481662 0
20180430130 0
20180558191 0
20180572554 0
20180542594 0
20180169727 0
20180336369 0
20180161868 0
20180220003 0
20180359512 0
20180727535 0
20180484967 0
20180544632 0
20180276611 0
20180754251 0
20180414199 0
20180298267 0
20180207987 0
20180003670 0
20180178584 0
20180139772 0
20180166483 0
20180330234 0
20180326759 0
20180188705 0
20180337392 0
20180632996 0
20180661426 0
20180503842 0
20180316642 0
20180476103 0
20180429250 0
20180587453 0
20180312477 0
20180631674 0
20180215877 0
20180080743 0
20180167699 0
20180491327 0
20180106096 0
20180003559 0
20180033321 0
20180072539 0
20180389271 0
20180359406 0
20180143760 0
20180360915 0
20180053769 0
20180149479 0
20180651766 0
20180382165 0
20180262323 0
20180275538 0
20180151537 0
20180090297 0
20180382986 0
20180077614 0
20180099325 0
20180140605 0
20180086719 0
20180738984 0
20180566186 0
20180359152 0
20180751609 0
20180261818 0
20180425129 0
20180644116 0
20180295996 0
20180171579 0
20180175892 0
20180686483 0
20180449950 0
20180522546 0
20180697104 0
20180280736 0
20180352239 0
20180666639 0
20180234230 0
20180008366 0
20180057254 0
20180424832 0
20180263590 0
20180753223 0
20180264085 0
20180007941 0
20180021021 0
20180494951 0
20180488827 0
20180130697 0
20180016174 0
20180744752 0
20180185364 0
20180013639 0
20180578610 0
20180545446 0
20180369391 0
20180068464 0
20180186325 0
20180397682 0
20180570949 0
20180505331 0
20180030814 0
20180436200 0
20180681085 0
20180700106 0
20180530626 0
20180250196 0
20180058720 0
20180015490 0
20180567379 0
20180697554 0
20180059987 0
20180351828 0
20180193785 0
20180512000 0
20180504979 0
20180646586 0
20180211637 0
20180061382 0
20180353452 0
20180344337 0
20180676957 0
20180001770 0
20180335796 0
20180155540 0
20180594004 0
20180672037 0
20180014997 0
20180343388 0
20180373348 0
20180578175 0
20180269926 0
20180291819 0
20180426294 0
20180104161 0
20180165606 0
20180326961 0
20180301640 0
20180213531 0
20180455085 0
20180226127 0
20180227865 0
20180742287 0
20180627517 0
20180045311 0
20180402555 0
20180654701 0
20180455761 0
20180117428 0
20180448062 0
20180398523 0
20180401436 0
20180163325 0
20180674535 0
20180377876 0
20180418969 0
20180692136 0
20180325794 0
20180708295 0
20180718985 0
20180089605 0
20180325225 0
20180109871 0
20180704198 0
20180539383 0
20180323366 0
20180339369 0
20180384766 0
20180408808 0
20180694442 0
20180418418 0
20180159665 0
20180547835 0
20180488675 0
20180746933 0
20180504189 0
20180307592 0
20180355411 0
20180353692 0
20180632487 0
20180316960 0
20180157458 0
20180146892 0
20180653626 0
20180656211 0
20180068235 0
20180347188 0
20180618721 0
20180541270 0
20180204061 0
20180275121 0
20180625543 0
20180161602 0
20180464351 0
20180503156 0
20180422543 0
20180230936 0
20180577781 0
20180535820 0
20180741482 0
20180113798 0
20180523268 0
20180232422 0
20180037181 0
20180363453 0
20180248836 0
20180221643 0
20180385575 0
20180568072 0
20180480814 0
20180108853 0
20180520282 0
20180078443 0
20180529209 0
20180219340 0
20180653089 0
20180479164 0
20180257860 0
20180219082 0
20180642623 0
20180127893 0
20180640801 0
20180606341 0
20180423017 0
20180078235 0
20180487413 0
20180527550 0
20180029352 0
20180739710 0
20180450560 0
20180307439 0
20180219696 0
20180010611 0
20180367680 0
20180442772 0
20180727607 0
20180618450 0
20180043520 0
20180627352 0
20180375308 0
20180231423 0
20180201671 0
20180034405 0
20180602229 0
20180712881 0
20180569767 0
20180257452 0
20180151463 0
20180716214 0
20180116553 0
20180056735 0
20180165639 0
20180421980 0
20180418797 0
20180686384 0
20180562586 0
20180399593 0
20180575911 0
20180711266 0
20180055075 0
20180411305 0
20180387131 0
20180527518 0
20180549229 0
20180028359 0
20180347095 0
20180540243 0
20180585661 0
20180361653 0
20180701593 0
20180472384 0
20180585453 0
20180210475 0
20180528416 0
20180671324 0
20180336556 0
20180009576 0
20180343794 0
20180479743 0
20180666269 0
20180687693 0
20180245303 0
20180556662 0
20180548052 0
20180433206 0
20180003444 0
20180596799 0
20180014015 0
20180643655 0
20180316472 0
20180572652 0
20180483632 0
20180395473 0
20180370152 0
20180508069 0
20180458074 0
20180134891 0
20180355076 0
20180676298 0
20180491004 0
20180643397 0
20180544564 0
20180540251 0
20180394349 0
20180666653 0
20180362324 0
20180523927 0
20180364404 0
20180742909 0
20180377371 0
20180282156 0
20180118300 0
20180690373 0
20180175540 0
20180746405 0
20180325695 0
20180724391 0
20180698232 0
20180031595 0
20180754604 0
20180119431 0
20180672631 0
20180286333 0
20180333753 0
20180095176 0
20180741554 0
20180467211 0
20180101090 0
20180152925 0
20180328342 0
20180609994 0
20180173056 0
20180471656 0
20180279506 0
20180724042 0
20180197719 0
20180171229 0
20180015878 0
20180405103 0
20180156052 0
20180450695 0
20180410611 0
20180003463 0
20180385110 0
20180057991 0
20180130592 0
20180528854 0
20180270630 0
20180256470 0
20180345490 0
20180227882 0
20180251236 0
20180371949 0
20180728913 0
20180216484 0
20180383228 0
20180619488 0
20180316283 0
20180029487 0
20180568013 0
20180373212 0
20180617052 0
20180504444 0
20180735324 0
20180332473 0
20180543514 0
20180016267 0
20180267030 0
20180371690 0
20180567863 0
20180199216 0
20180156397 0
20180378217 0
20180082398 0
20180240035 0
20180675237 0
20180578845 0
20180370819 0
20180116516 0
20180201218 0
20180005066 0
20180158740 0
20180184743 0
20180074281 0
20180124945 0
20180112997 0
20180004385 0
20180089784 0
20180590283 0
20180744653 0
20180570647 0
20180172867 0
20180160613 0
20180236587 0
20180729993 0
20180356528 0
20180592358 0
20180683666 0
20180331984 0
20180306318 0
20180028845 0
20180747441 0
20180452633 0
20180282945 0
20180160477 0
20180681763 0
20180734804 0
20180317585 0
20180015341 0
20180295257 0
20180001358 0
20180516317 0
20180464598 0
20180637688 0
20180425425 0
20180091604 0
20180219708 0
20180370820 0
20180434896 0
20180223128 0
20180356901 0
20180300396 0
20180511853 0
20180593176 0
20180541144 0
20180125352 0
20180109623 0
20180610528 0
20180415600 0
20180520958 0
20180737525 0
20180010659 0
20180234261 0
20180217982 0
20180725790 0
20180293170 0
20180438167 0
20180635185 0
20180071575 0
20180391941 0
20180183683 0
20180244199 0
20180444932 0
20180043076 0
20180213641 0
20180049474 0
20180722202 0
20180089302 0
20180024609 0
20180627993 0
20180490621 0
20180444927 0
20180139251 0
20180247194 0
20180280896 0
20180750700 0
20180031440 0
20180576918 0
20180189511 0
20180113994 0
20180231444 0
20180373665 0
20180120916 0
20180014487 0
20180343344 0
20180158585 0
20180116624 0
20180401132 0
20180108836 0
20180462121 0
20180598173 0
20180075120 0
20180407941 0
20180755255 0
20180139454 0
20180556260 0
20180183364 0
20180409237 0
20180087106 0
20180315815 0
20180621326 0
20180534128 0
20180122578 0
20180713698 0
20180453054 0
20180040796 0
20180739619 0
20180561671 0
20180183825 0
20180689346 0
20180432437 0
20180332177 0
20180517987 0
20180070067 0
20180585700 0
20180161633 0
20180073885 0
20180650666 0
20180621306 0
20180370078 0
20180715144 0
20180193776 0
20180609226 0
20180043153 0
20180146820 0
20180493127 0
20180287776 0
20180478933 0
20180553564 0
20180030248 0
20180528675 0
20180041032 0
20180491458 0
20180449879 0
20180118230 0
20180046509 0
20180194027 0
20180633063 0
20180094178 0
20180643129 0
20180493538 0
20180464752 0
20180485602 0
20180502928 0
20180175341 0
20180619849 0
20180419384 0
20180135821 0
20180570541 0
20180531055 0
20180055187 0
20180204333 0
20180341686 0
20180754558 0
20180409210 0
20180102712 0
20180490215 0
20180314980 0
20180290830 0
20180252365 0
20180015158 0
20180230501 0
20180716203 0
20180289787 0
20180476992 0
20180662043 0
20180042954 0
20180606075 0
20180157181 0
20180023412 0
20180154854 0
20180064873 0
20180505776 0
20180325661 0
20180289223 0
20180407393 0
20180103272 0
20180755020 0
20180346659 0
20180224485 0
20180221354 0
20180689101 0
20180490546 0
20180400771 0
20180216404 0
20180188937 0
20180058559 0
20180507924 0
20180231791 0
20180406550 0
20180123843 0
20180442985 0
20180286398 0
20180496889 0
20180673920 0
20180509954 0
20180599679 0
20180006116 0
20180178921 0
20180309276 0
20180719415 0
