20180532793 666
20180403223 666
20180541542 666
20180751830 666
20180264411 666
20180518064 666
20180582231 666
20180377217 666
20180031035 666
20180283800 666
20180087638 666
20180633811 666
20180025951 666
20180257484 666
20180753394 666
20180216231 666
20180619651 666
20180552935 666
20180410659 666
20180296554 666
20180658671 666
20180607753 666
20180602697 666
20180229932 666
20180129459 666
20180043364 666
20180329270 666
20180432242 666
20180705131 666
20180456652 666
20180528413 666
20180266872 666
20180047271 666
20180567428 666
20180723757 666
20180330571 666
20180152526 666
20180411853 666
20180486354 666
20180195245 666
20180265698 666
20180580166 666
20180150654 666
20180076676 666
20180151615 666
20180014212 666
20180547516 666
20180592913 666
20180217342 666
20180516595 666
20180143343 666
20180218714 666
20180715896 666
20180571910 666
20180128530 666
20180546808 666
20180036464 666
20180474180 666
20180394057 666
20180194509 666
20180662128 666
20180534449 666
20180593769 666
20180531310 666
20180293611 666
20180285001 666
20180602056 666
20180402463 666
20180434706 666
20180006813 666
20180494065 666
20180183067 666
20180665694 666
20180029796 666
20180053358 666
20180132615 666
20180223858 666
20180128105 666
20180529911 666
20180617812 666
20180265924 666
20180668111 666
20180616593 666
20180167694 666
20180108171 666
20180435973 666
20180390612 666
20180182770 666
20180444261 666
20180608389 666
20180661782 666
20180746813 666
20180498368 666
20180063790 666
20180373664 666
20180378605 666
20180733358 666
20180738181 666
20180222817 666
20180269646 666
20180403026 666
20180337916 666
20180325096 666
20180453910 666
20180630212 666
20180747494 666
20180633411 666
20180752747 666
20180250439 666
20180162132 666
20180346157 666
20180103998 666
20180098797 666
20180439600 666
20180756920 666
20180412966 666
20180158665 666
20180453710 666
20180447952 666
20180191337 666
20180270341 666
20180091132 666
20180158720 666
20180510527 666
20180352331 666
20180652342 666
20180559025 666
20180266921 666
20180407610 666
20180170948 666
20180388426 666
20180194328 666
20180466589 666
20180733140 666
20180477170 666
20180104891 666
20180172802 666
20180249737 666
20180149740 666
20180564982 666
20180313391 666
20180211404 666
20180581880 666
20180471902 666
20180679868 666
20180513237 666
20180413596 666
20180135088 666
20180612689 666
20180574637 666
20180103564 666
20180526665 666
20180739939 666
20180645244 666
20180371905 666
20180465540 666
20180346763 666
20180058700 666
20180470282 666
20180131301 666
20180034393 666
20180597116 666
20180444319 666
20180226303 666
20180605516 666
20180721460 666
20180493826 666
20180749975 666
20180076301 666
20180538984 666
20180397726 666
20180049693 666
20180121997 666
20180624028 666
20180557546 666
20180043614 666
20180168318 666
20180202681 666
20180656653 666
20180622430 666
20180402690 666
20180620350 666
20180001400 666
20180639760 666
20180208866 666
20180714386 666
20180643022 666
20180416713 666
20180498452 666
20180635795 666
20180361431 666
20180482025 666
20180294280 666
20180667013 666
20180597119 666
20180175350 666
20180277382 666
20180189115 666
20180055335 666
20180168096 666
20180203470 666
20180749453 666
20180605410 666
20180736386 666
20180052289 666
20180709472 666
20180398679 666
20180546909 666
20180539834 666
20180756478 666
20180032713 666
20180097554 666
20180481772 666
20180292081 666
20180677276 666
20180283788 666
20180196179 666
20180047294 666
20180637964 666
20180307008 666
20180308082 666
20180358331 666
20180156653 666
20180384279 666
20180608290 666
20180093839 666
20180466324 666
20180483578 666
20180432199 666
20180384492 666
20180388236 666
20180662376 666
20180166471 666
20180238638 666
20180732112 666
20180252956 666
20180446901 666
20180477459 666
20180241500 666
20180503555 666
20180255215 666
20180277337 666
20180092404 666
20180425675 666
20180711808 666
20180681236 666
20180250610 666
20180628056 666
20180730325 666
20180536867 666
20180671012 666
20180284422 666
20180444861 666
20180629225 666
20180059677 666
20180393742 666
20180723503 666
20180692168 666
20180582403 666
20180193109 666
20180744100 666
20180344288 666
20180615613 666
20180612830 666
20180388587 666
20180501014 666
20180068281 666
20180552962 666
20180359390 666
20180405478 666
20180599628 666
20180229315 666
20180356910 666
20180515556 666
20180693034 666
20180729954 666
20180476132 666
20180369659 666
20180694772 666
20180198451 666
20180387879 666
20180581753 666
20180123276 666
20180180571 666
20180002469 666
20180234062 666
20180435596 666
20180333098 666
20180674113 666
20180112757 666
20180551434 666
20180686778 666
20180509855 666
20180461711 666
20180013052 666
20180566323 666
20180138222 666
20180151777 666
20180304409 666
20180685253 666
20180071050 666
20180492269 666
20180365972 666
20180491977 666
20180719321 666
20180738660 666
20180601018 666
20180034516 666
20180589609 666
20180752973 666
20180212611 666
20180371314 666
20180299213 666
20180079518 666
20180157759 666
20180690050 666
20180164375 666
20180060877 666
20180130771 666
20180444810 666
20180191086 666
20180672847 666
20180163256 666
20180420087 666
20180603511 666
20180593853 666
20180176065 666
20180365087 666
20180614032 666
20180521258 666
20180687072 666
20180515605 666
20180493851 666
20180722902 666
20180727918 666
20180633832 666
20180498253 666
20180061843 666
20180731288 666
20180435262 666
20180251235 666
20180555564 666
20180614110 666
20180554242 666
20180467247 666
20180292543 666
20180307994 666
20180479561 666
20180600899 666
20180338707 666
20180638470 666
20180498534 666
20180280700 666
20180140399 666
20180275437 666
20180696255 666
20180222444 666
20180069106 666
20180560356 666
20180140657 666
20180632478 666
20180284755 666
20180438917 666
20180043799 666
20180407016 666
20180727896 666
20180092540 666
20180434763 666
20180443918 666
20180089570 666
20180317858 666
20180602569 666
20180116477 666
20180129747 666
20180219064 666
20180420790 666
20180694592 666
20180400119 666
20180247974 666
20180235046 666
20180190249 666
20180231297 666
20180556175 666
20180718075 666
20180309363 666
20180282380 666
20180472774 666
20180649410 666
20180319845 666
20180046287 666
20180201958 666
20180144259 666
20180735231 666
20180164975 666
20180368114 666
20180068667 666
20180062269 666
20180527226 666
20180230135 666
20180436745 666
20180625098 666
20180480354 666
20180665495 666
20180692103 666
20180401890 666
20180707725 666
20180296063 666
20180476441 666
20180515707 666
20180445976 666
20180095604 666
20180380518 666
20180638802 666
20180682772 666
20180363422 666
20180505789 666
20180299520 666
20180379222 666
20180023217 666
20180019955 666
20180138469 666
20180020900 666
20180552647 666
20180414283 666
20180133730 666
20180679708 666
20180606157 666
20180708913 666
20180246125 666
20180155386 666
20180059802 666
20180694476 666
20180510036 666
20180345369 666
20180042625 666
20180658913 666
20180094454 666
20180164226 666
20180075617 666
20180289346 666
20180743914 666
20180041755 666
20180466322 666
20180544563 666
20180591208 666
20180375994 666
20180555956 666
20180009836 666
20180105109 666
20180694156 666
20180192933 666
20180309852 666
20180280368 666
20180029314 666
20180716945 666
20180264436 666
20180163523 666
20180395264 666
20180123253 666
20180729465 666
20180207887 666
20180595856 666
20180189719 666
20180442653 666
20180665800 666
20180719186 666
20180474846 666
20180262741 666
20180041669 666
20180069159 666
20180701406 666
20180296087 666
20180543408 666
20180462126 666
20180227776 666
20180344731 666
20180102918 666
20180336689 666
20180390374 666
20180672007 666
20180373887 666
20180331520 666
20180349553 666
20180361375 666
20180291694 666
20180428552 666
20180733405 666
20180339274 666
20180647562 666
20180298665 666
20180283984 666
20180281751 666
20180678378 666
20180616533 666
20180544772 666
20180579600 666
20180110531 666
20180256907 666
20180723768 666
20180453261 666
20180351219 666
20180033622 666
20180089972 666
20180748074 666
20180662638 666
20180292069 666
20180455965 666
20180114235 666
20180482265 666
20180105486 666
20180681205 666
20180398890 666
20180642343 666
20180102129 666
20180479959 666
20180594165 666
20180078395 666
20180192151 666
20180629629 666
20180268641 666
20180263768 666
20180511960 666
20180082073 666
20180184819 666
20180719407 666
20180004647 666
20180145288 666
20180616409 666
20180433714 666
20180006727 666
20180314120 666
20180525883 666
20180016134 666
20180528102 666
20180353749 666
20180190690 666
20180432134 666
20180276369 666
20180506231 666
20180729684 666
20180298639 666
20180386753 666
20180579271 666
20180054128 666
20180093000 666
20180451977 666
20180399201 666
20180489493 666
20180061421 666
20180723960 666
20180460523 666
20180643792 666
20180490794 666
20180192502 666
20180205051 666
20180756911 666
20180030342 666
20180516505 666
20180554614 666
20180152882 666
20180674921 666
20180164830 666
20180739344 666
20180032600 666
20180094187 666
20180148297 666
20180756370 666
20180047795 666
20180098758 666
20180450159 666
20180710502 666
20180308786 666
20180199726 666
20180442376 666
20180564352 666
20180404683 666
20180604945 666
20180298000 666
20180526845 666
20180199045 666
20180731799 666
20180694460 666
20180602650 666
20180606289 666
20180567950 666
20180167932 666
20180296928 666
20180242563 666
20180724155 666
20180027944 666
20180314740 666
20180391914 666
20180756967 666
20180536520 666
20180667496 666
20180129833 666
20180568510 666
20180693970 666
20180370663 666
20180308779 666
20180392008 666
20180346324 666
20180328520 666
20180206752 666
20180195098 666
20180006946 666
20180508635 666
20180526439 666
20180018794 666
20180047016 666
20180443746 666
20180722343 666
20180010213 666
20180636730 666
20180671021 666
20180271196 666
20180122609 666
20180330767 666
20180526895 666
20180659026 666
20180209367 666
20180590240 666
20180284932 666
20180125297 666
20180625828 666
20180685034 666
20180724463 666
20180191752 666
20180265127 666
20180609638 666
20180716472 666
20180327183 666
20180361440 666
20180596375 666
20180045234 666
20180521102 666
20180181473 666
20180260467 666
20180686564 666
20180157176 666
20180205404 666
20180042493 666
20180034289 666
20180247831 666
20180164311 666
20180556491 666
20180012836 666
20180671980 666
20180440942 666
20180295753 666
20180670703 666
20180037082 666
20180518016 666
20180398538 666
20180387524 666
20180711872 666
20180505739 666
20180518603 666
20180740708 666
20180039278 666
20180620614 666
20180334115 666
20180582254 666
20180178974 666
20180413064 666
20180443846 666
20180720566 666
20180641156 666
20180667393 666
20180121505 666
20180647604 666
20180422996 666
20180370089 666
20180621109 666
20180046571 666
20180038474 666
20180433466 666
20180572543 666
20180086704 666
20180123018 666
20180453821 666
20180639462 666
20180312045 666
20180572538 666
20180215653 666
20180195558 666
20180450622 666
20180656974 666
20180092976 666
20180187830 666
20180327498 666
20180750021 666
20180756983 666
20180531034 666
20180755300 666
20180619367 666
20180353152 666
20180405440 666
20180653827 666
20180671180 666
20180458641 666
20180649490 666
20180544715 666
20180691936 666
20180715111 666
20180680538 666
20180623253 666
20180467340 666
20180453773 666
20180000351 666
20180468504 666
20180394247 666
20180705016 666
20180043051 666
20180713220 666
20180662457 666
20180544393 666
20180065173 666
20180044631 666
20180038101 666
20180538116 666
20180401103 666
20180640335 666
20180185114 666
20180080908 666
20180170997 666
20180633454 666
20180357700 666
20180470177 666
20180578449 666
20180102969 666
20180434559 666
20180695299 666
20180416760 666
20180521346 666
20180460003 666
20180683511 666
20180658364 666
20180751270 666
20180001437 666
20180651471 666
20180267867 666
20180028838 666
20180340112 666
20180250750 666
20180448492 666
20180336434 666
20180732223 666
20180605039 666
20180142430 666
20180465727 666
20180243085 666
20180583082 666
20180062257 666
20180247661 666
20180003403 666
20180115100 666
20180171166 666
20180177356 666
20180272084 666
20180658042 666
20180480134 666
20180512275 666
20180632531 666
20180245064 666
20180481563 666
20180424887 666
20180685469 666
20180141363 666
20180587602 666
20180208946 666
20180535520 666
20180593463 666
20180620578 666
20180493922 666
20180100466 666
20180330227 666
20180446906 666
20180376606 666
20180584145 666
20180666144 666
20180430188 666
20180131346 666
20180642759 666
20180366539 666
20180153270 666
20180309868 666
20180057012 666
20180285926 666
20180283999 666
20180111254 666
20180273617 666
20180671966 666
20180701305 666
20180146904 666
20180182472 666
20180504648 666
20180745554 666
20180600550 666
20180706692 666
20180363959 666
20180317453 666
20180521090 666
20180250534 666
20180286015 666
20180232309 666
20180032887 666
20180250141 666
20180651115 666
20180097417 666
20180211690 666
20180608214 666
20180141182 666
20180052984 666
20180730530 666
20180417681 666
20180490898 666
20180019951 666
20180505840 666
20180358002 666
20180082478 666
20180255831 666
20180525258 666
20180463157 666
20180344019 666
20180722326 666
20180093312 666
20180289390 666
20180597437 666
20180757881 666
20180237150 666
20180612635 666
20180324725 666
20180073141 666
20180660557 666
20180252811 666
20180283840 666
20180635465 666
20180455092 666
20180238240 666
20180198930 666
20180477472 666
20180504850 666
20180242532 666
20180712226 666
20180732734 666
20180396388 666
20180225584 666
20180068805 666
20180460142 666
20180456464 666
20180518981 666
20180668592 666
20180689700 666
20180178227 666
20180355767 666
20180643885 666
20180329298 666
20180689798 666
20180256112 666
20180731994 666
20180177940 666
20180691649 666
20180590736 666
20180345335 666
20180237342 666
20180489997 666
20180557500 666
20180543259 666
20180662908 666
20180529981 666
20180709269 666
20180686035 666
20180228901 666
20180042365 666
20180413900 666
20180386725 666
20180387225 666
20180657737 666
20180262669 666
20180142422 666
20180607893 666
20180267279 666
20180356607 666
20180631866 666
20180707479 666
20180385095 666
20180517749 666
20180066567 666
20180241513 666
20180068389 666
20180399681 666
20180282760 666
20180242155 666
20180753573 666
20180719782 666
20180749281 666
20180705904 666
20180702397 666
20180348813 666
20180201724 666
20180524615 666
20180591049 666
20180060208 666
20180158567 666
20180431593 666
20180414492 666
20180177956 666
20180013974 666
20180221608 666
20180587973 666
20180613969 666
20180703747 666
20180374328 666
20180125178 666
20180126555 666
20180078219 666
20180414926 666
20180391384 666
20180336635 666
20180263552 666
20180360766 666
20180284352 666
20180231747 666
20180027862 666
20180238437 666
20180449586 666
20180484962 666
20180108267 666
20180204159 666
20180046582 666
20180332462 666
20180472906 666
20180348718 666
20180012765 666
20180655403 666
20180133617 666
20180462988 666
20180357991 666
20180517500 666
20180573774 666
20180457321 666
20180705914 666
20180358022 666
20180621383 666
20180197702 666
20180545583 666
20180571378 666
20180372335 666
20180748172 666
20180128509 666
20180426086 666
20180054825 666
20180416729 666
20180102334 666
20180574318 666
20180015497 666
20180604176 666
20180453110 666
20180043996 666
20180294815 666
20180615832 666
20180395114 666
20180060894 666
20180259860 666
20180604642 666
20180233979 666
20180595945 666
20180262003 666
20180180419 666
20180208115 666
20180311740 666
20180384775 666
20180107998 666
20180415030 666
20180287561 666
20180430507 666
20180507452 666
20180153945 666
20180499255 666
20180149187 666
20180075704 666
20180638894 666
20180423585 666
20180722690 666
20180164932 666
20180472523 666
20180468998 666
20180691197 666
20180366089 666
20180506689 666
20180196506 666
20180245747 666
20180185879 666
20180226616 666
20180270794 666
20180143249 666
20180616558 666
20180629575 666
20180422515 666
20180027468 666
20180594904 666
20180663416 666
20180116127 666
20180589185 666
20180298284 666
